Period,Inventory,Arrived,Available,Needed,Succeeded,Failed,Lost
1,5,0,5,0,0,0,0
2,5,0,5,0,0,0,0
3,5,0,5,5,5,0,0
4,0,100,100,6,6,0,0
5,94,0,94,5,5,0,0
6,89,0,89,9,9,0,0
7,80,745,825,6,6,0,0
8,819,0,819,7,7,0,0
9,812,0,812,25,25,0,0
10,787,0,787,32,32,0,0
11,755,0,755,134,134,0,0
12,621,0,621,377,377,0,0
13,244,0,244,581,244,337,0
14,0,113,113,534,113,421,0
15,0,0,0,465,0,465,0
16,0,4104,4104,519,519,0,0
17,3585,1654,5239,461,461,0,0
18,4778,0,4778,332,332,0,0
19,4446,0,4446,274,274,0,0
20,4172,3582,7754,214,214,0,0
21,7540,1779,9319,230,230,0,0
22,9089,0,9089,158,158,0,0
23,8931,0,8931,122,122,0,0
24,8809,0,8809,70,70,0,0
25,8739,0,8739,55,55,0,0
26,8684,0,8684,47,47,0,0
27,8637,0,8637,46,46,0,0
28,8591,0,8591,47,47,0,0
29,8544,0,8544,40,40,0,0
30,8504,0,8504,49,49,0,0
31,8455,0,8455,32,32,0,0
32,8423,0,8423,20,20,0,0
33,8403,0,8403,39,39,0,0
34,8364,0,8364,48,48,0,0
35,8316,0,8316,41,41,0,0
36,8275,0,8275,47,47,0,0
37,8228,0,8228,71,71,0,0
38,8157,0,8157,129,129,0,0
39,8028,0,8028,156,156,0,0
40,7872,0,7872,196,196,0,0
41,7676,0,7676,207,207,0,0
42,7469,0,7469,218,218,0,0
43,7251,0,7251,253,253,0,0
44,6998,0,6998,293,293,0,0
45,6705,0,6705,405,405,0,0
46,6300,0,6300,399,399,0,0
47,5901,0,5901,464,464,0,0
48,5437,0,5437,514,514,0,0
49,4923,0,4923,572,572,0,0
50,4351,0,4351,625,625,0,0
51,3726,0,3726,733,733,0,0
52,2993,2163,5156,818,818,0,0
53,4338,0,4338,940,940,0,0
54,3398,0,3398,806,806,0,0
55,2592,0,2592,757,757,0,0
56,1835,67,1902,565,565,0,0
57,1337,0,1337,518,518,0,0
58,819,1635,2454,434,434,0,0
59,2020,0,2020,383,383,0,0
60,1637,9406,11043,391,391,0,0
61,10652,0,10652,386,386,0,0
62,10266,0,10266,459,459,0,0
63,9807,0,9807,553,553,0,0
64,9254,0,9254,669,669,0,0
65,8585,0,8585,899,899,0,0
66,7686,0,7686,1229,1229,0,0
67,6457,0,6457,1511,1511,0,0
68,4946,0,4946,1380,1380,0,0
69,3566,0,3566,1197,1197,0,0
70,2369,188,2557,998,998,0,0
71,1559,1647,3206,739,739,0,0
72,2467,169,2636,625,625,0,0
73,2011,855,2866,408,408,0,0
74,2458,9872,12330,320,320,0,0
75,12010,0,12010,255,255,0,0
76,11755,0,11755,190,190,0,0
77,11565,0,11565,160,160,0,0
78,11405,0,11405,117,117,0,0
79,11288,0,11288,103,103,0,0
80,11185,0,11185,80,80,0,0
81,11105,0,11105,63,63,0,0
82,11042,0,11042,55,55,0,0
83,10987,0,10987,93,93,0,0
84,10894,0,10894,112,112,0,0
85,10782,0,10782,179,179,0,0
86,10603,0,10603,224,224,0,0
87,10379,0,10379,261,261,0,0
88,10118,0,10118,226,226,0,0
89,9892,0,9892,213,213,0,0
90,9679,0,9679,212,212,0,0
91,9467,0,9467,180,180,0,0
92,9287,0,9287,178,178,0,0
93,9109,0,9109,164,164,0,0
94,8945,0,8945,164,164,0,0
95,8781,0,8781,125,125,0,0
96,8656,0,8656,170,170,0,0
97,8486,0,8486,205,205,0,0
98,8281,0,8281,199,199,0,0
99,8082,0,8082,206,206,0,0
100,7876,0,7876,238,238,0,0
101,7638,0,7638,280,280,0,0
102,7358,0,7358,317,317,0,0
103,7041,0,7041,405,405,0,0
104,6636,0,6636,953,953,0,0
105,5683,0,5683,1542,1542,0,0
106,4141,0,4141,1890,1890,0,0
107,2251,0,2251,1769,1769,0,0
108,482,0,482,1240,482,758,0
109,0,13848,13848,910,910,0,0
110,12938,0,12938,633,633,0,0
111,12305,0,12305,467,467,0,0
112,11838,0,11838,387,387,0,0
113,11451,0,11451,355,355,0,0
114,11096,9722,20818,340,340,0,0
115,20478,0,20478,352,352,0,0
116,20126,0,20126,432,432,0,0
117,19694,0,19694,526,526,0,0
118,19168,0,19168,685,685,0,0
119,18483,0,18483,810,810,0,0
120,17673,0,17673,783,783,0,0
121,16890,0,16890,658,658,0,0
122,16232,0,16232,566,566,0,0
123,15666,0,15666,445,445,0,0
124,15221,0,15221,409,409,0,0
125,14812,0,14812,283,283,0,0
126,14529,0,14529,247,247,0,0
127,14282,0,14282,209,209,0,0
128,14073,0,14073,221,221,0,0
129,13852,0,13852,279,279,0,0
130,13573,0,13573,374,374,0,0
131,13199,0,13199,458,458,0,0
132,12741,0,12741,639,639,0,0
133,12102,0,12102,618,618,0,0
134,11484,0,11484,550,550,0,0
135,10934,0,10934,553,553,0,0
136,10381,0,10381,459,459,0,0
137,9922,0,9922,548,548,0,0
138,9374,0,9374,469,469,0,0
139,8905,0,8905,478,478,0,0
140,8427,0,8427,459,459,0,0
141,7968,0,7968,428,428,0,0
142,7540,2726,10266,521,521,0,0
143,9745,0,9745,574,574,0,0
144,9171,0,9171,612,612,0,0
145,8559,0,8559,757,757,0,0
146,7802,0,7802,697,697,0,0
147,7105,0,7105,690,690,0,0
148,6415,0,6415,660,660,0,0
149,5755,0,5755,535,535,0,0
150,5220,79,5299,403,403,0,0
151,4896,0,4896,415,415,0,0
152,4481,3968,8449,387,387,0,0
153,8062,0,8062,385,385,0,0
154,7677,0,7677,444,444,0,0
155,7233,0,7233,481,481,0,0
156,6752,0,6752,569,569,0,0
157,6183,0,6183,553,553,0,0
158,5630,0,5630,380,380,0,0
159,5250,0,5250,354,354,0,0
160,4896,0,4896,332,332,0,0
161,4564,0,4564,337,337,0,0
162,4227,0,4227,339,339,0,0
163,3888,0,3888,318,318,0,0
164,3570,6704,10274,318,318,0,0
165,9956,0,9956,336,336,0,0
166,9620,0,9620,286,286,0,0
167,9334,0,9334,265,265,0,0
168,9069,0,9069,288,288,0,0
169,8781,0,8781,261,261,0,0
170,8520,0,8520,237,237,0,0
171,8283,0,8283,266,266,0,0
172,8017,0,8017,205,205,0,0
173,7812,0,7812,170,170,0,0
174,7642,0,7642,167,167,0,0
175,7475,0,7475,134,134,0,0
176,7341,0,7341,128,128,0,0
177,7213,0,7213,119,119,0,0
178,7094,0,7094,129,129,0,0
179,6965,0,6965,85,85,0,0
180,6880,0,6880,90,90,0,0
181,6790,0,6790,63,63,0,0
182,6727,0,6727,59,59,0,0
183,6668,0,6668,59,59,0,0
184,6609,0,6609,55,55,0,0
185,6554,0,6554,65,65,0,0
186,6489,0,6489,62,62,0,0
187,6427,0,6427,68,68,0,0
188,6359,0,6359,78,78,0,0
189,6281,0,6281,86,86,0,0
190,6195,0,6195,126,126,0,0
191,6069,0,6069,164,164,0,0
192,5905,0,5905,177,177,0,0
193,5728,0,5728,187,187,0,0
194,5541,0,5541,284,284,0,0
195,5257,0,5257,300,300,0,0
196,4957,0,4957,275,275,0,0
197,4682,0,4682,246,246,0,0
198,4436,0,4436,293,293,0,0
199,4143,0,4143,317,317,0,0
200,3826,0,3826,271,271,0,0
201,3555,0,3555,320,320,0,0
202,3235,0,3235,377,377,0,0
203,2858,449,3307,423,423,0,0
204,2884,0,2884,441,441,0,0
205,2443,0,2443,365,365,0,0
206,2078,2416,4494,387,387,0,0
207,4107,0,4107,368,368,0,0
208,3739,0,3739,378,378,0,0