Period,Inventory,Arrived,Available,Needed,Succeeded,Failed,Lost
1,0,0,0,0,0,0,0
2,0,100,100,0,0,0,0
3,100,0,100,5,5,0,0
4,95,0,95,6,6,0,0
5,89,16,105,5,5,0,0
6,100,6,106,9,9,0,0
7,97,3,100,6,6,0,0
8,94,14,108,7,7,0,0
9,101,3,104,25,25,0,0
10,79,7,86,32,32,0,0
11,54,60,114,134,114,20,0
12,0,36,36,377,36,341,0
13,0,312,312,581,312,269,0
14,0,454,454,534,454,80,0
15,0,529,529,465,465,0,0
16,64,391,455,519,455,64,0
17,0,391,391,461,391,70,0
18,0,446,446,332,332,0,0
19,114,339,453,274,274,0,0
20,179,263,442,214,214,0,0
21,228,217,445,230,230,0,0
22,215,135,350,158,158,0,0
23,192,174,366,122,122,0,0
24,244,105,349,70,70,0,0
25,279,91,370,55,55,0,0
26,315,49,364,47,47,0,0
27,317,32,349,46,46,0,0
28,303,17,320,47,47,0,0
29,273,11,284,40,40,0,0
30,244,11,255,49,49,0,0
31,206,8,214,32,32,0,0
32,182,21,203,20,20,0,0
33,183,8,191,39,39,0,0
34,152,0,152,48,48,0,0
35,104,31,135,41,41,0,0
36,94,44,138,47,47,0,0
37,91,31,122,71,71,0,0
38,51,43,94,129,94,35,0
39,0,106,106,156,106,50,0
40,0,193,193,196,193,3,0
41,0,122,122,207,122,85,0
42,0,234,234,218,218,0,0
43,16,138,154,253,154,99,0
44,0,231,231,293,231,62,0
45,0,179,179,405,179,226,0
46,0,267,267,399,267,132,0
47,0,367,367,464,367,97,0
48,0,218,218,514,218,296,0
49,0,432,432,572,432,140,0
50,0,261,261,625,261,364,0
51,0,487,487,733,487,246,0
52,0,315,315,818,315,503,0
53,0,635,635,940,635,305,0
54,0,397,397,806,397,409,0
55,0,778,778,757,757,0,0
56,21,301,322,565,322,243,0
57,0,729,729,518,518,0,0
58,211,254,465,434,434,0,0
59,31,433,464,383,383,0,0
60,81,346,427,391,391,0,0
61,36,327,363,386,363,23,0
62,0,366,366,459,366,93,0
63,0,342,342,553,342,211,0
64,0,360,360,669,360,309,0
65,0,426,426,899,426,473,0
66,0,505,505,1229,505,724,0
67,0,758,758,1511,758,753,0
68,0,958,958,1380,958,422,0
69,0,1058,1058,1197,1058,139,0
70,0,926,926,998,926,72,0
71,0,906,906,739,739,0,0
72,167,709,876,625,625,0,0
73,251,564,815,408,408,0,0
74,407,473,880,320,320,0,0
75,560,237,797,255,255,0,0
76,542,213,755,190,190,0,0
77,565,195,760,160,160,0,0
78,600,134,734,117,117,0,0
79,617,111,728,103,103,0,0
80,625,47,672,80,80,0,0
81,592,20,612,63,63,0,0
82,549,0,549,55,55,0,0
83,494,0,494,93,93,0,0
84,401,0,401,112,112,0,0
85,289,0,289,179,179,0,0
86,110,38,148,224,148,76,0
87,0,213,213,261,213,48,0
88,0,194,194,226,194,32,0
89,0,257,257,213,213,0,0
90,44,190,234,212,212,0,0
91,22,186,208,180,180,0,0
92,28,187,215,178,178,0,0
93,37,150,187,164,164,0,0
94,23,164,187,164,164,0,0
95,23,148,171,125,125,0,0
96,46,148,194,170,170,0,0
97,24,105,129,205,129,76,0
98,0,193,193,199,193,6,0
99,0,169,169,206,169,37,0
100,0,176,176,238,176,62,0
101,0,169,169,280,169,111,0
102,0,211,211,317,211,106,0
103,0,221,221,405,221,184,0
104,0,249,249,953,249,704,0
105,0,354,354,1542,354,1188,0
106,0,1315,1315,1890,1315,575,0
107,0,1086,1086,1769,1086,683,0
108,0,1656,1656,1240,1240,0,0
109,416,981,1397,910,910,0,0
110,487,833,1320,633,633,0,0
111,687,543,1230,467,467,0,0
112,763,397,1160,387,387,0,0
113,773,235,1008,355,355,0,0
114,653,198,851,340,340,0,0
115,511,232,743,352,352,0,0
116,391,271,662,432,432,0,0
117,230,304,534,526,526,0,0
118,8,398,406,685,406,279,0
119,0,512,512,810,512,298,0
120,0,534,534,783,534,249,0
121,0,685,685,658,658,0,0
122,27,598,625,566,566,0,0
123,59,533,592,445,445,0,0
124,147,387,534,409,409,0,0
125,125,287,412,283,283,0,0
126,129,325,454,247,247,0,0
127,207,215,422,209,209,0,0
128,213,210,423,221,221,0,0
129,202,179,381,279,279,0,0
130,102,198,300,374,300,74,0
131,0,263,263,458,263,195,0
132,0,347,347,639,347,292,0
133,0,363,363,618,363,255,0
134,0,583,583,550,550,0,0
135,33,374,407,553,407,146,0
136,0,523,523,459,459,0,0
137,64,354,418,548,418,130,0
138,0,360,360,469,360,109,0
139,0,433,433,478,433,45,0
140,0,292,292,459,292,167,0
141,0,413,413,428,413,15,0
142,0,255,255,521,255,266,0
143,0,378,378,574,378,196,0
144,0,348,348,612,348,264,0
145,0,432,432,757,432,325,0
146,0,379,379,697,379,318,0
147,0,640,640,690,640,50,0
148,0,304,304,660,304,356,0
149,0,628,628,535,535,0,0
150,93,264,357,403,357,46,0
151,0,453,453,415,415,0,0
152,38,279,317,387,317,70,0
153,0,375,375,385,375,10,0
154,0,293,293,444,293,151,0
155,0,359,359,481,359,122,0
156,0,289,289,569,289,280,0
157,0,388,388,553,388,165,0
158,0,403,403,380,380,0,0
159,23,386,409,354,354,0,0
160,55,257,312,332,312,20,0
161,0,287,287,337,287,50,0
162,0,274,274,339,274,65,0
163,0,266,266,318,266,52,0
164,0,260,260,318,260,58,0
165,0,251,251,336,251,85,0
166,0,251,251,286,251,35,0
167,0,245,245,265,245,20,0
168,0,240,240,288,240,48,0
169,0,230,230,261,230,31,0
170,0,231,231,237,231,6,0
171,0,206,206,266,206,60,0
172,0,213,213,205,205,0,0
173,8,207,215,170,170,0,0
174,45,178,223,167,167,0,0
175,56,156,212,134,134,0,0
176,78,154,232,128,128,0,0
177,104,119,223,119,119,0,0
178,104,112,216,129,129,0,0
179,87,104,191,85,85,0,0
180,106,115,221,90,90,0,0
181,131,69,200,63,63,0,0
182,137,75,212,59,59,0,0
183,153,47,200,59,59,0,0
184,141,43,184,55,55,0,0
185,129,44,173,65,65,0,0
186,108,42,150,62,62,0,0
187,88,54,142,68,68,0,0
188,74,53,127,78,78,0,0
189,49,63,112,86,86,0,0
190,26,83,109,126,109,17,0
191,0,95,95,164,95,69,0
192,0,177,177,177,177,0,0
193,0,138,138,187,138,49,0
194,0,187,187,284,187,97,0
195,0,149,149,300,149,151,0
196,0,335,335,275,275,0,0
197,60,134,194,246,194,52,0
198,0,263,263,293,263,30,0
199,0,168,168,317,168,149,0
200,0,291,291,271,271,0,0
201,20,180,200,320,200,120,0
202,0,249,249,377,249,128,0
203,0,235,235,423,235,188,0
204,0,318,318,441,318,123,0
205,0,277,277,365,277,88,0
206,0,337,337,387,337,50,0
207,0,215,215,368,215,153,0
208,0,340,340,378,340,38,0