Period,Inventory,Arrived,Available,Needed,Succeeded,Failed,Lost
1,0,0,0,0,0,0,0
2,0,100,100,0,0,0,0
3,100,0,100,5,5,0,0
4,95,0,95,6,6,0,0
5,89,15,104,5,5,0,0
6,99,6,105,9,9,0,0
7,96,3,99,6,6,0,0
8,93,14,107,7,7,0,0
9,100,3,103,25,25,0,0
10,78,7,85,32,32,0,0
11,53,58,111,134,111,23,0
12,0,36,36,377,36,341,0
13,0,300,300,581,300,281,0
14,0,420,420,534,420,114,0
15,0,491,491,465,465,0,0
16,26,376,402,519,402,117,0
17,0,409,409,461,409,52,0
18,0,401,401,332,332,0,0
19,69,383,452,274,274,0,0
20,178,272,450,214,214,0,0
21,236,218,454,230,230,0,0
22,224,160,384,158,158,0,0
23,226,179,405,122,122,0,0
24,283,81,364,70,70,0,0
25,294,92,386,55,55,0,0
26,331,48,379,47,47,0,0
27,332,35,367,46,46,0,0
28,321,29,350,47,47,0,0
29,303,24,327,40,40,0,0
30,287,12,299,49,49,0,0
31,250,7,257,32,32,0,0
32,225,21,246,20,20,0,0
33,226,0,226,39,39,0,0
34,187,0,187,48,48,0,0
35,139,10,149,41,41,0,0
36,108,33,141,47,47,0,0
37,94,29,123,71,71,0,0
38,52,35,87,129,87,42,0
39,0,108,108,156,108,48,0
40,0,179,179,196,179,17,0
41,0,125,125,207,125,82,0
42,0,214,214,218,214,4,0
43,0,141,141,253,141,112,0
44,0,227,227,293,227,66,0
45,0,164,164,405,164,241,0
46,0,269,269,399,269,130,0
47,0,348,348,464,348,116,0
48,0,227,227,514,227,287,0
49,0,402,402,572,402,170,0
50,0,272,272,625,272,353,0
51,0,458,458,733,458,275,0
52,0,325,325,818,325,493,0
53,0,616,616,940,616,324,0
54,0,403,403,806,403,403,0
55,0,759,759,757,757,0,0
56,2,315,317,565,317,248,0
57,0,737,737,518,518,0,0
58,219,266,485,434,434,0,0
59,51,452,503,383,383,0,0
60,120,343,463,391,391,0,0
61,72,299,371,386,371,15,0
62,0,364,364,459,364,95,0
63,0,349,349,553,349,204,0
64,0,353,353,669,353,316,0
65,0,394,394,899,394,505,0
66,0,491,491,1229,491,738,0
67,0,738,738,1511,738,773,0
68,0,921,921,1380,921,459,0
69,0,1004,1004,1197,1004,193,0
70,0,844,844,998,844,154,0
71,0,895,895,739,739,0,0
72,156,722,878,625,625,0,0
73,253,579,832,408,408,0,0
74,424,490,914,320,320,0,0
75,594,245,839,255,255,0,0
76,584,196,780,190,190,0,0
77,590,190,780,160,160,0,0
78,620,133,753,117,117,0,0
79,636,110,746,103,103,0,0
80,643,71,714,80,80,0,0
81,634,62,696,63,63,0,0
82,633,25,658,55,55,0,0
83,603,0,603,93,93,0,0
84,510,0,510,112,112,0,0
85,398,0,398,179,179,0,0
86,219,0,219,224,219,5,0
87,0,127,127,261,127,134,0
88,0,257,257,226,226,0,0
89,31,160,191,213,191,22,0
90,0,211,211,212,211,1,0
91,0,181,181,180,180,0,0
92,1,203,204,178,178,0,0
93,26,164,190,164,164,0,0
94,26,166,192,164,164,0,0
95,28,151,179,125,125,0,0
96,54,154,208,170,170,0,0
97,38,103,141,205,141,64,0
98,0,174,174,199,174,25,0
99,0,173,173,206,173,33,0
100,0,166,166,238,166,72,0
101,0,173,173,280,173,107,0
102,0,197,197,317,197,120,0
103,0,225,225,405,225,180,0
104,0,233,233,953,233,720,0
105,0,360,360,1542,360,1182,0
106,0,1241,1241,1890,1241,649,0
107,0,990,990,1769,990,779,0
108,0,1569,1569,1240,1240,0,0
109,329,943,1272,910,910,0,0
110,362,907,1269,633,633,0,0
111,636,622,1258,467,467,0,0
112,791,384,1175,387,387,0,0
113,788,268,1056,355,355,0,0
114,701,201,902,340,340,0,0
115,562,220,782,352,352,0,0
116,430,272,702,432,432,0,0
117,270,302,572,526,526,0,0
118,46,395,441,685,441,244,0
119,0,502,502,810,502,308,0
120,0,442,442,783,442,341,0
121,0,616,616,658,616,42,0
122,0,427,427,566,427,139,0
123,0,552,552,445,445,0,0
124,107,355,462,409,409,0,0
125,53,357,410,283,283,0,0
126,127,340,467,247,247,0,0
127,220,213,433,209,209,0,0
128,224,210,434,221,221,0,0
129,213,177,390,279,279,0,0
130,111,197,308,374,308,66,0
131,0,263,263,458,263,195,0
132,0,306,306,639,306,333,0
133,0,344,344,618,344,274,0
134,0,576,576,550,550,0,0
135,26,281,307,553,307,246,0
136,0,518,518,459,459,0,0
137,59,291,350,548,350,198,0
138,0,415,415,469,415,54,0
139,0,349,349,478,349,129,0
140,0,388,388,459,388,71,0
141,0,333,333,428,333,95,0
142,0,370,370,521,370,151,0
143,0,299,299,574,299,275,0
144,0,415,415,612,415,197,0
145,0,339,339,757,339,418,0
146,0,446,446,697,446,251,0
147,0,556,556,690,556,134,0
148,0,352,352,660,352,308,0
149,0,548,548,535,535,0,0
150,13,330,343,403,343,60,0
151,0,473,473,415,415,0,0
152,58,265,323,387,323,64,0
153,0,374,374,385,374,11,0
154,0,299,299,444,299,145,0
155,0,357,357,481,357,124,0
156,0,290,290,569,290,279,0
157,0,352,352,553,352,201,0
158,0,405,405,380,380,0,0
159,25,320,345,354,345,9,0
160,0,287,287,332,287,45,0
161,0,327,327,337,327,10,0
162,0,259,259,339,259,80,0
163,0,303,303,318,303,15,0
164,0,236,236,318,236,82,0
165,0,280,280,336,280,56,0
166,0,223,223,286,223,63,0
167,0,274,274,265,265,0,0
168,9,215,224,288,224,64,0
169,0,256,256,261,256,5,0
170,0,218,218,237,218,19,0
171,0,244,244,266,244,22,0
172,0,201,201,205,201,4,0
173,0,224,224,170,170,0,0
174,54,178,232,167,167,0,0
175,65,156,221,134,134,0,0
176,87,154,241,128,128,0,0
177,113,121,234,119,119,0,0
178,115,114,229,129,129,0,0
179,100,105,205,85,85,0,0
180,120,116,236,90,90,0,0
181,146,70,216,63,63,0,0
182,153,73,226,59,59,0,0
183,167,48,215,59,59,0,0
184,156,46,202,55,55,0,0
185,147,43,190,65,65,0,0
186,125,42,167,62,62,0,0
187,105,53,158,68,68,0,0
188,90,48,138,78,78,0,0
189,60,59,119,86,86,0,0
190,33,72,105,126,105,21,0
191,0,91,91,164,91,73,0
192,0,175,175,177,175,2,0
193,0,129,129,187,129,58,0
194,0,187,187,284,187,97,0
195,0,137,137,300,137,163,0
196,0,344,344,275,275,0,0
197,69,126,195,246,195,51,0
198,0,243,243,293,243,50,0
199,0,186,186,317,186,131,0
200,0,255,255,271,255,16,0
201,0,202,202,320,202,118,0
202,0,252,252,377,252,125,0
203,0,217,217,423,217,206,0
204,0,317,317,441,317,124,0
205,0,260,260,365,260,105,0
206,0,340,340,387,340,47,0
207,0,215,215,368,215,153,0
208,0,326,326,378,326,52,0