Period,Inventory,Arrived,Available,Needed,Succeeded,Failed,Lost
1,5,0,5,0,0,0,0
2,5,0,5,0,0,0,0
3,5,0,5,5,5,0,0
4,0,120,120,6,6,0,0
5,114,0,114,5,5,0,0
6,109,0,109,9,9,0,0
7,100,24975,25075,6,6,0,0
8,25069,0,25069,7,7,0,0
9,25062,0,25062,25,25,0,0
10,25037,0,25037,32,32,0,0
11,25005,0,25005,134,134,0,0
12,24871,0,24871,377,377,0,0
13,24494,0,24494,581,581,0,0
14,23913,0,23913,534,534,0,0
15,23379,0,23379,465,465,0,0
16,22914,0,22914,519,519,0,0
17,22395,0,22395,461,461,0,0
18,21934,0,21934,332,332,0,0
19,21602,0,21602,274,274,0,0
20,21328,0,21328,214,214,0,0
21,21114,0,21114,230,230,0,0
22,20884,0,20884,158,158,0,0
23,20726,0,20726,122,122,0,0
24,20604,0,20604,70,70,0,0
25,20534,0,20534,55,55,0,0
26,20479,0,20479,47,47,0,0
27,20432,0,20432,46,46,0,0
28,20386,0,20386,47,47,0,0
29,20339,0,20339,40,40,0,0
30,20299,0,20299,49,49,0,0
31,20250,0,20250,32,32,0,0
32,20218,0,20218,20,20,0,0
33,20198,0,20198,39,39,0,0
34,20159,0,20159,48,48,0,0
35,20111,0,20111,41,41,0,0
36,20070,0,20070,47,47,0,0
37,20023,0,20023,71,71,0,0
38,19952,0,19952,129,129,0,0
39,19823,0,19823,156,156,0,0
40,19667,0,19667,196,196,0,0
41,19471,0,19471,207,207,0,0
42,19264,0,19264,218,218,0,0
43,19046,0,19046,253,253,0,0
44,18793,0,18793,293,293,0,0
45,18500,0,18500,405,405,0,0
46,18095,0,18095,399,399,0,0
47,17696,0,17696,464,464,0,0
48,17232,0,17232,514,514,0,0
49,16718,0,16718,572,572,0,0
50,16146,0,16146,625,625,0,0
51,15521,0,15521,733,733,0,0
52,14788,0,14788,818,818,0,0
53,13970,0,13970,940,940,0,0
54,13030,0,13030,806,806,0,0
55,12224,0,12224,757,757,0,0
56,11467,0,11467,565,565,0,0
57,10902,0,10902,518,518,0,0
58,10384,0,10384,434,434,0,0
59,9950,0,9950,383,383,0,0
60,9567,1476,11043,391,391,0,0
61,10652,0,10652,386,386,0,0
62,10266,0,10266,459,459,0,0
63,9807,0,9807,553,553,0,0
64,9254,0,9254,669,669,0,0
65,8585,0,8585,899,899,0,0
66,7686,0,7686,1229,1229,0,0
67,6457,0,6457,1511,1511,0,0
68,4946,0,4946,1380,1380,0,0
69,3566,0,3566,1197,1197,0,0
70,2369,0,2369,998,998,0,0
71,1371,2043,3414,739,739,0,0
72,2675,630,3305,625,625,0,0
73,2680,236,2916,408,408,0,0
74,2508,9822,12330,320,320,0,0
75,12010,0,12010,255,255,0,0
76,11755,0,11755,190,190,0,0
77,11565,0,11565,160,160,0,0
78,11405,0,11405,117,117,0,0
79,11288,0,11288,103,103,0,0
80,11185,0,11185,80,80,0,0
81,11105,0,11105,63,63,0,0
82,11042,0,11042,55,55,0,0
83,10987,0,10987,93,93,0,0
84,10894,0,10894,112,112,0,0
85,10782,0,10782,179,179,0,0
86,10603,0,10603,224,224,0,0
87,10379,0,10379,261,261,0,0
88,10118,0,10118,226,226,0,0
89,9892,0,9892,213,213,0,0
90,9679,0,9679,212,212,0,0
91,9467,0,9467,180,180,0,0
92,9287,0,9287,178,178,0,0
93,9109,0,9109,164,164,0,0
94,8945,0,8945,164,164,0,0
95,8781,0,8781,125,125,0,0
96,8656,0,8656,170,170,0,0
97,8486,0,8486,205,205,0,0
98,8281,0,8281,199,199,0,0
99,8082,0,8082,206,206,0,0
100,7876,0,7876,238,238,0,0
101,7638,0,7638,280,280,0,0
102,7358,0,7358,317,317,0,0
103,7041,0,7041,405,405,0,0
104,6636,0,6636,953,953,0,0
105,5683,0,5683,1542,1542,0,0
106,4141,0,4141,1890,1890,0,0
107,2251,0,2251,1769,1769,0,0
108,482,0,482,1240,482,758,0
109,0,13032,13032,910,910,0,0
110,12122,0,12122,633,633,0,0
111,11489,0,11489,467,467,0,0
112,11022,0,11022,387,387,0,0
113,10635,0,10635,355,355,0,0
114,10280,10538,20818,340,340,0,0
115,20478,0,20478,352,352,0,0
116,20126,0,20126,432,432,0,0
117,19694,0,19694,526,526,0,0
118,19168,0,19168,685,685,0,0
119,18483,0,18483,810,810,0,0
120,17673,0,17673,783,783,0,0
121,16890,0,16890,658,658,0,0
122,16232,0,16232,566,566,0,0
123,15666,0,15666,445,445,0,0
124,15221,0,15221,409,409,0,0
125,14812,0,14812,283,283,0,0
126,14529,0,14529,247,247,0,0
127,14282,0,14282,209,209,0,0
128,14073,0,14073,221,221,0,0
129,13852,0,13852,279,279,0,0
130,13573,0,13573,374,374,0,0
131,13199,0,13199,458,458,0,0
132,12741,0,12741,639,639,0,0
133,12102,0,12102,618,618,0,0
134,11484,0,11484,550,550,0,0
135,10934,0,10934,553,553,0,0
136,10381,0,10381,459,459,0,0
137,9922,0,9922,548,548,0,0
138,9374,0,9374,469,469,0,0
139,8905,0,8905,478,478,0,0
140,8427,0,8427,459,459,0,0
141,7968,0,7968,428,428,0,0
142,7540,2818,10358,521,521,0,0
143,9837,0,9837,574,574,0,0
144,9263,0,9263,612,612,0,0
145,8651,0,8651,757,757,0,0
146,7894,0,7894,697,697,0,0
147,7197,0,7197,690,690,0,0
148,6507,0,6507,660,660,0,0
149,5847,0,5847,535,535,0,0
150,5312,0,5312,403,403,0,0
151,4909,0,4909,415,415,0,0
152,4494,3955,8449,387,387,0,0
153,8062,0,8062,385,385,0,0
154,7677,0,7677,444,444,0,0
155,7233,0,7233,481,481,0,0
156,6752,0,6752,569,569,0,0
157,6183,0,6183,553,553,0,0
158,5630,0,5630,380,380,0,0
159,5250,0,5250,354,354,0,0
160,4896,0,4896,332,332,0,0
161,4564,0,4564,337,337,0,0
162,4227,0,4227,339,339,0,0
163,3888,0,3888,318,318,0,0
164,3570,6936,10506,318,318,0,0
165,10188,0,10188,336,336,0,0
166,9852,0,9852,286,286,0,0
167,9566,0,9566,265,265,0,0
168,9301,0,9301,288,288,0,0
169,9013,0,9013,261,261,0,0
170,8752,0,8752,237,237,0,0
171,8515,0,8515,266,266,0,0
172,8249,0,8249,205,205,0,0
173,8044,0,8044,170,170,0,0
174,7874,0,7874,167,167,0,0
175,7707,0,7707,134,134,0,0
176,7573,0,7573,128,128,0,0
177,7445,0,7445,119,119,0,0
178,7326,0,7326,129,129,0,0
179,7197,0,7197,85,85,0,0
180,7112,0,7112,90,90,0,0
181,7022,0,7022,63,63,0,0
182,6959,0,6959,59,59,0,0
183,6900,0,6900,59,59,0,0
184,6841,0,6841,55,55,0,0
185,6786,0,6786,65,65,0,0
186,6721,0,6721,62,62,0,0
187,6659,0,6659,68,68,0,0
188,6591,0,6591,78,78,0,0
189,6513,0,6513,86,86,0,0
190,6427,0,6427,126,126,0,0
191,6301,0,6301,164,164,0,0
192,6137,0,6137,177,177,0,0
193,5960,0,5960,187,187,0,0
194,5773,0,5773,284,284,0,0
195,5489,0,5489,300,300,0,0
196,5189,0,5189,275,275,0,0
197,4914,0,4914,246,246,0,0
198,4668,0,4668,293,293,0,0
199,4375,0,4375,317,317,0,0
200,4058,0,4058,271,271,0,0
201,3787,0,3787,320,320,0,0
202,3467,0,3467,377,377,0,0
203,3090,0,3090,423,423,0,0
204,2667,0,2667,441,441,0,0
205,2226,0,2226,365,365,0,0
206,1861,3781,5642,387,387,0,0
207,5255,0,5255,368,368,0,0
208,4887,0,4887,378,378,0,0