Period,Inventory,Arrived,Available,Needed,Succeeded,Failed,Lost
1,0,0,0,0,0,0,0
2,0,100,100,0,0,0,0
3,100,0,100,5,5,0,0
4,95,0,95,6,6,0,0
5,89,9,98,5,5,0,0
6,93,8,101,9,9,0,0
7,92,5,97,6,6,0,0
8,91,12,103,7,7,0,0
9,96,5,101,25,25,0,0
10,76,8,84,32,32,0,0
11,52,38,90,134,90,44,0
12,0,38,38,377,38,339,0
13,0,177,177,581,177,404,0
14,0,419,419,534,419,115,0
15,0,314,314,465,314,151,0
16,0,302,302,519,302,217,0
17,0,346,346,461,346,115,0
18,0,293,293,332,293,39,0
19,0,334,334,274,274,0,0
20,60,246,306,214,214,0,0
21,92,234,326,230,230,0,0
22,96,151,247,158,158,0,0
23,89,194,283,122,122,0,0
24,161,103,264,70,70,0,0
25,194,75,269,55,55,0,0
26,214,14,228,47,47,0,0
27,181,21,202,46,46,0,0
28,156,12,168,47,47,0,0
29,121,23,144,40,40,0,0
30,104,36,140,49,49,0,0
31,91,18,109,32,32,0,0
32,77,48,125,20,20,0,0
33,105,31,136,39,39,0,0
34,97,6,103,48,48,0,0
35,55,45,100,41,41,0,0
36,59,44,103,47,47,0,0
37,56,42,98,71,71,0,0
38,27,47,74,129,74,55,0
39,0,100,100,156,100,56,0
40,0,167,167,196,167,29,0
41,0,88,88,207,88,119,0
42,0,224,224,218,218,0,0
43,6,76,82,253,82,171,0
44,0,229,229,293,229,64,0
45,0,130,130,405,130,275,0
46,0,291,291,399,291,108,0
47,0,266,266,464,266,198,0
48,0,239,239,514,239,275,0
49,0,309,309,572,309,263,0
50,0,306,306,625,306,319,0
51,0,380,380,733,380,353,0
52,0,374,374,818,374,444,0
53,0,513,513,940,513,427,0
54,0,204157,204157,806,806,0,0
55,203351,0,203351,757,757,0,0
56,202594,0,202594,565,565,0,0
57,202029,0,202029,518,518,0,0
58,201511,0,201511,434,434,0,0
59,201077,0,201077,383,383,0,0
60,200694,0,200694,391,391,0,0
61,200303,0,200303,386,386,0,0
62,199917,0,199917,459,459,0,0
63,199458,0,199458,553,553,0,0
64,198905,0,198905,669,669,0,0
65,198236,0,198236,899,899,0,0
66,197337,0,197337,1229,1229,0,0
67,196108,0,196108,1511,1511,0,0
68,194597,0,194597,1380,1380,0,0
69,193217,0,193217,1197,1197,0,0
70,192020,0,192020,998,998,0,0
71,191022,0,191022,739,739,0,0
72,190283,0,190283,625,625,0,0
73,189658,0,189658,408,408,0,0
74,189250,0,189250,320,320,0,0
75,188930,0,188930,255,255,0,0
76,188675,0,188675,190,190,0,0
77,188485,0,188485,160,160,0,0
78,188325,0,188325,117,117,0,0
79,188208,0,188208,103,103,0,0
80,188105,0,188105,80,80,0,0
81,188025,0,188025,63,63,0,0
82,187962,0,187962,55,55,0,0
83,187907,0,187907,93,93,0,0
84,187814,0,187814,112,112,0,0
85,187702,0,187702,179,179,0,0
86,187523,0,187523,224,224,0,0
87,187299,0,187299,261,261,0,0
88,187038,0,187038,226,226,0,0
89,186812,0,186812,213,213,0,0
90,186599,0,186599,212,212,0,0
91,186387,0,186387,180,180,0,0
92,186207,0,186207,178,178,0,0
93,186029,0,186029,164,164,0,0
94,185865,0,185865,164,164,0,0
95,185701,0,185701,125,125,0,0
96,185576,0,185576,170,170,0,0
97,185406,0,185406,205,205,0,0
98,185201,0,185201,199,199,0,0
99,185002,0,185002,206,206,0,0
100,184796,0,184796,238,238,0,0
101,184558,0,184558,280,280,0,0
102,184278,0,184278,317,317,0,0
103,183961,0,183961,405,405,0,0
104,183556,0,183556,953,953,0,0
105,182603,0,182603,1542,1542,0,0
106,181061,0,181061,1890,1890,0,0
107,179171,0,179171,1769,1769,0,0
108,177402,0,177402,1240,1240,0,0
109,176162,0,176162,910,910,0,0
110,175252,0,175252,633,633,0,0
111,174619,0,174619,467,467,0,0
112,174152,0,174152,387,387,0,0
113,173765,0,173765,355,355,0,0
114,173410,0,173410,340,340,0,0
115,173070,0,173070,352,352,0,0
116,172718,0,172718,432,432,0,0
117,172286,0,172286,526,526,0,0
118,171760,0,171760,685,685,0,0
119,171075,0,171075,810,810,0,0
120,170265,0,170265,783,783,0,0
121,169482,0,169482,658,658,0,0
122,168824,0,168824,566,566,0,0
123,168258,0,168258,445,445,0,0
124,167813,0,167813,409,409,0,0
125,167404,0,167404,283,283,0,0
126,167121,0,167121,247,247,0,0
127,166874,0,166874,209,209,0,0
128,166665,0,166665,221,221,0,0
129,166444,0,166444,279,279,0,0
130,166165,0,166165,374,374,0,0
131,165791,0,165791,458,458,0,0
132,165333,0,165333,639,639,0,0
133,164694,0,164694,618,618,0,0
134,164076,0,164076,550,550,0,0
135,163526,0,163526,553,553,0,0
136,162973,0,162973,459,459,0,0
137,162514,0,162514,548,548,0,0
138,161966,0,161966,469,469,0,0
139,161497,0,161497,478,478,0,0
140,161019,0,161019,459,459,0,0
141,160560,0,160560,428,428,0,0
142,160132,0,160132,521,521,0,0
143,159611,0,159611,574,574,0,0
144,159037,0,159037,612,612,0,0
145,158425,0,158425,757,757,0,0
146,157668,0,157668,697,697,0,0
147,156971,0,156971,690,690,0,0
148,156281,0,156281,660,660,0,0
149,155621,0,155621,535,535,0,0
150,155086,0,155086,403,403,0,0
151,154683,0,154683,415,415,0,0
152,154268,0,154268,387,387,0,0
153,153881,0,153881,385,385,0,0
154,153496,0,153496,444,444,0,0
155,153052,0,153052,481,481,0,0
156,152571,0,152571,569,569,0,0
157,152002,0,152002,553,553,0,0
158,151449,0,151449,380,380,0,0
159,151069,0,151069,354,354,0,0
160,150715,0,150715,332,332,0,0
161,150383,0,150383,337,337,0,0
162,150046,0,150046,339,339,0,0
163,149707,0,149707,318,318,0,0
164,149389,0,149389,318,318,0,0
165,149071,0,149071,336,336,0,0
166,148735,0,148735,286,286,0,0
167,148449,0,148449,265,265,0,0
168,148184,0,148184,288,288,0,0
169,147896,0,147896,261,261,0,0
170,147635,0,147635,237,237,0,0
171,147398,0,147398,266,266,0,0
172,147132,0,147132,205,205,0,0
173,146927,0,146927,170,170,0,0
174,146757,0,146757,167,167,0,0
175,146590,0,146590,134,134,0,0
176,146456,0,146456,128,128,0,0
177,146328,0,146328,119,119,0,0
178,146209,0,146209,129,129,0,0
179,146080,0,146080,85,85,0,0
180,145995,0,145995,90,90,0,0
181,145905,0,145905,63,63,0,0
182,145842,0,145842,59,59,0,0
183,145783,0,145783,59,59,0,0
184,145724,0,145724,55,55,0,0
185,145669,0,145669,65,65,0,0
186,145604,0,145604,62,62,0,0
187,145542,0,145542,68,68,0,0
188,145474,0,145474,78,78,0,0
189,145396,0,145396,86,86,0,0
190,145310,0,145310,126,126,0,0
191,145184,0,145184,164,164,0,0
192,145020,0,145020,177,177,0,0
193,144843,0,144843,187,187,0,0
194,144656,0,144656,284,284,0,0
195,144372,0,144372,300,300,0,0
196,144072,0,144072,275,275,0,0
197,143797,0,143797,246,246,0,0
198,143551,0,143551,293,293,0,0
199,143258,0,143258,317,317,0,0
200,142941,0,142941,271,271,0,0
201,142670,0,142670,320,320,0,0
202,142350,0,142350,377,377,0,0
203,141973,0,141973,423,423,0,0
204,141550,0,141550,441,441,0,0
205,141109,0,141109,365,365,0,0
206,140744,0,140744,387,387,0,0
207,140357,0,140357,368,368,0,0
208,139989,0,139989,378,378,0,0