Period,Inventory,Arrived,Available,Needed,Succeeded,Failed,Lost
1,5,0,5,0,0,0,0
2,5,0,5,0,0,0,0
3,5,0,5,5,5,0,0
4,0,120,120,6,6,0,0
5,114,0,114,5,5,0,0
6,109,0,109,9,9,0,0
7,100,125,225,6,6,0,0
8,219,90,309,7,7,0,0
9,302,0,302,25,25,0,0
10,277,0,277,32,32,0,0
11,245,1285,1530,134,134,0,0
12,1396,0,1396,377,377,0,0
13,1019,0,1019,581,581,0,0
14,438,0,438,534,438,96,0
15,0,0,0,465,0,465,0
16,0,3452,3452,519,519,0,0
17,2933,1737,4670,461,461,0,0
18,4209,0,4209,332,332,0,0
19,3877,0,3877,274,274,0,0
20,3603,4331,7934,214,214,0,0
21,7720,1452,9172,230,230,0,0
22,8942,0,8942,158,158,0,0
23,8784,0,8784,122,122,0,0
24,8662,0,8662,70,70,0,0
25,8592,0,8592,55,55,0,0
26,8537,0,8537,47,47,0,0
27,8490,0,8490,46,46,0,0
28,8444,0,8444,47,47,0,0
29,8397,0,8397,40,40,0,0
30,8357,0,8357,49,49,0,0
31,8308,0,8308,32,32,0,0
32,8276,0,8276,20,20,0,0
33,8256,0,8256,39,39,0,0
34,8217,0,8217,48,48,0,0
35,8169,0,8169,41,41,0,0
36,8128,0,8128,47,47,0,0
37,8081,0,8081,71,71,0,0
38,8010,0,8010,129,129,0,0
39,7881,0,7881,156,156,0,0
40,7725,0,7725,196,196,0,0
41,7529,0,7529,207,207,0,0
42,7322,0,7322,218,218,0,0
43,7104,0,7104,253,253,0,0
44,6851,0,6851,293,293,0,0
45,6558,0,6558,405,405,0,0
46,6153,0,6153,399,399,0,0
47,5754,0,5754,464,464,0,0
48,5290,0,5290,514,514,0,0
49,4776,0,4776,572,572,0,0
50,4204,0,4204,625,625,0,0
51,3579,0,3579,733,733,0,0
52,2846,810,3656,818,818,0,0
53,2838,0,2838,940,940,0,0
54,1898,0,1898,806,806,0,0
55,1092,0,1092,757,757,0,0
56,335,1659,1994,565,565,0,0
57,1429,0,1429,518,518,0,0
58,911,1543,2454,434,434,0,0
59,2020,0,2020,383,383,0,0
60,1637,9406,11043,391,391,0,0
61,10652,0,10652,386,386,0,0
62,10266,0,10266,459,459,0,0
63,9807,0,9807,553,553,0,0
64,9254,0,9254,669,669,0,0
65,8585,0,8585,899,899,0,0
66,7686,0,7686,1229,1229,0,0
67,6457,0,6457,1511,1511,0,0
68,4946,0,4946,1380,1380,0,0
69,3566,0,3566,1197,1197,0,0
70,2369,188,2557,998,998,0,0
71,1559,1510,3069,739,739,0,0
72,2330,0,2330,625,625,0,0
73,1705,1086,2791,408,408,0,0
74,2383,11447,13830,320,320,0,0
75,13510,0,13510,255,255,0,0
76,13255,0,13255,190,190,0,0
77,13065,0,13065,160,160,0,0
78,12905,0,12905,117,117,0,0
79,12788,0,12788,103,103,0,0
80,12685,0,12685,80,80,0,0
81,12605,0,12605,63,63,0,0
82,12542,0,12542,55,55,0,0
83,12487,0,12487,93,93,0,0
84,12394,0,12394,112,112,0,0
85,12282,0,12282,179,179,0,0
86,12103,0,12103,224,224,0,0
87,11879,0,11879,261,261,0,0
88,11618,0,11618,226,226,0,0
89,11392,0,11392,213,213,0,0
90,11179,0,11179,212,212,0,0
91,10967,0,10967,180,180,0,0
92,10787,0,10787,178,178,0,0
93,10609,0,10609,164,164,0,0
94,10445,0,10445,164,164,0,0
95,10281,0,10281,125,125,0,0
96,10156,0,10156,170,170,0,0
97,9986,0,9986,205,205,0,0
98,9781,0,9781,199,199,0,0
99,9582,0,9582,206,206,0,0
100,9376,0,9376,238,238,0,0
101,9138,0,9138,280,280,0,0
102,8858,0,8858,317,317,0,0
103,8541,0,8541,405,405,0,0
104,8136,0,8136,953,953,0,0
105,7183,0,7183,1542,1542,0,0
106,5641,0,5641,1890,1890,0,0
107,3751,0,3751,1769,1769,0,0
108,1982,0,1982,1240,1240,0,0
109,742,7917,8659,910,910,0,0
110,7749,292,8041,633,633,0,0
111,7408,3140,10548,467,467,0,0
112,10081,0,10081,387,387,0,0
113,9694,0,9694,355,355,0,0
114,9339,6419,15758,340,340,0,0
115,15418,0,15418,352,352,0,0
116,15066,88,15154,432,432,0,0
117,14722,0,14722,526,526,0,0
118,14196,0,14196,685,685,0,0
119,13511,0,13511,810,810,0,0
120,12701,0,12701,783,783,0,0
121,11918,0,11918,658,658,0,0
122,11260,0,11260,566,566,0,0
123,10694,0,10694,445,445,0,0
124,10249,0,10249,409,409,0,0
125,9840,0,9840,283,283,0,0
126,9557,0,9557,247,247,0,0
127,9310,0,9310,209,209,0,0
128,9101,0,9101,221,221,0,0
129,8880,0,8880,279,279,0,0
130,8601,0,8601,374,374,0,0
131,8227,0,8227,458,458,0,0
132,7769,0,7769,639,639,0,0
133,7130,0,7130,618,618,0,0
134,6512,0,6512,550,550,0,0
135,5962,0,5962,553,553,0,0
136,5409,0,5409,459,459,0,0
137,4950,16,4966,548,548,0,0
138,4418,0,4418,469,469,0,0
139,3949,1865,5814,478,478,0,0
140,5336,810,6146,459,459,0,0
141,5687,0,5687,428,428,0,0
142,5259,3657,8916,521,521,0,0
143,8395,0,8395,574,574,0,0
144,7821,2797,10618,612,612,0,0
145,10006,0,10006,757,757,0,0
146,9249,0,9249,697,697,0,0
147,8552,0,8552,690,690,0,0
148,7862,0,7862,660,660,0,0
149,7202,0,7202,535,535,0,0
150,6667,0,6667,403,403,0,0
151,6264,0,6264,415,415,0,0
152,5849,2600,8449,387,387,0,0
153,8062,0,8062,385,385,0,0
154,7677,0,7677,444,444,0,0
155,7233,0,7233,481,481,0,0
156,6752,0,6752,569,569,0,0
157,6183,0,6183,553,553,0,0
158,5630,0,5630,380,380,0,0
159,5250,0,5250,354,354,0,0
160,4896,0,4896,332,332,0,0
161,4564,0,4564,337,337,0,0
162,4227,0,4227,339,339,0,0
163,3888,0,3888,318,318,0,0
164,3570,7204,10774,318,318,0,0
165,10456,0,10456,336,336,0,0
166,10120,0,10120,286,286,0,0
167,9834,0,9834,265,265,0,0
168,9569,0,9569,288,288,0,0
169,9281,0,9281,261,261,0,0
170,9020,0,9020,237,237,0,0
171,8783,0,8783,266,266,0,0
172,8517,0,8517,205,205,0,0
173,8312,0,8312,170,170,0,0
174,8142,0,8142,167,167,0,0
175,7975,0,7975,134,134,0,0
176,7841,0,7841,128,128,0,0
177,7713,0,7713,119,119,0,0
178,7594,0,7594,129,129,0,0
179,7465,0,7465,85,85,0,0
180,7380,0,7380,90,90,0,0
181,7290,0,7290,63,63,0,0
182,7227,0,7227,59,59,0,0
183,7168,0,7168,59,59,0,0
184,7109,0,7109,55,55,0,0
185,7054,0,7054,65,65,0,0
186,6989,0,6989,62,62,0,0
187,6927,0,6927,68,68,0,0
188,6859,0,6859,78,78,0,0
189,6781,0,6781,86,86,0,0
190,6695,0,6695,126,126,0,0
191,6569,0,6569,164,164,0,0
192,6405,0,6405,177,177,0,0
193,6228,0,6228,187,187,0,0
194,6041,0,6041,284,284,0,0
195,5757,0,5757,300,300,0,0
196,5457,0,5457,275,275,0,0
197,5182,0,5182,246,246,0,0
198,4936,0,4936,293,293,0,0
199,4643,0,4643,317,317,0,0
200,4326,0,4326,271,271,0,0
201,4055,0,4055,320,320,0,0
202,3735,0,3735,377,377,0,0
203,3358,17,3375,423,423,0,0
204,2952,0,2952,441,441,0,0
205,2511,0,2511,365,365,0,0
206,2146,3598,5744,387,387,0,0
207,5357,0,5357,368,368,0,0
208,4989,0,4989,378,378,0,0